20
23
28
40
45
50
110
127
172
201
215
219
241
243
270
310
348
355
380
398
400
403
415
429
438
442
447
465
510
586
616
617
638
699
724
732
765
789
796
808
840
846
852
859
868
877
882
902
944
1023
1036
1050
1053
1065
1109
1145
1158
1162
1181
1194
1198
1217
1218
1242
1243
1259
1321
1373
1412
1416
1417
1419
1479
1499
1512
1539
1546
1555
1569
1617
1618
1660
1686
1714
1719
1765
1778
1779
1825
1831
1832
1841
1874
1885
1896
1913
1926
1971
1998
2000
2002
2032
2057
2078
2103
2104
2195
2196
2212
2268
2320
2366
2375
2442
2461
2470
2501
2510
2543
2565
2569
2621
2658
2683
2702
2720
2802
2806
2813
2847
2889
2971
2985
3000
3027
3028
3029
3056
3063
3078
3089
3115
3118
3191
3231
3239
3275
3280
3290
3314
3324
3337
3357
3359
3364
3372
3374
3379
3388
3393
3442
3471
3508
3510
3515
3519
3520
3528
3551
3554
3556
3574
3651
3673
3687
3695
3697
3765
3806
3820
3843
3909
3941
3943
3953
3964
3966
4026
4058
4060
4089
4097
4103
4107
4123
4134
4146
4148
4152
4154
4160
4164
4187
4195
4208
4242
4264
4311
4315
4345
4361
4369
4388
4391
4493
4527
4556
4572
4584
4600
4663
4704
4728
4747
4749
4793
4803
4826
4862
4880
4885
4896
4923
4943
4957
4971
4989
5001
5020
5046
5055
5075
5079
5080
5085
5087
5097
5099
5159
5170
5171
5177
5184
5186
5187
5201
5210
5234
5251
5287
5293
5300
5364
5392
5410
5411
5423
5426
5432
5439
5475
5508
5518
5544
5563
5573
5611
5635
5654
5678
5714
5760
5767
5793
5805
5816
5829
5855
5878
5966
6008
6026
6027
6028
6056
6056
6068
6084
6085
6121
6124
6125
6192
6224
6235
6249
6259
6290
6308
6313
6315
6316
6329
6337
6396
6397
6401
6465
6489
6505
6509
6552
6554
6568
6587
6589
6604
6607
6619
6684
6752
6765
6779
6782
6796
6804
6828
6845
6848
6894
6898
6918
6934
6957
6962
6962
6972
6991
6992
7005
7008
7025
7143
7227
7241
7281
7303
7308
7312
7322
7372
7424
7440
7442
7443
7449
7474
7486
7498
7516
7519
7523
7538
7559
7617
7634
7636
7642
7644
7658
7715
7719
7721
7738
7770
7828
7865
7915
7923
7931
7955
7980
7988
8019
8031
8073
8079
8128
8132
8135
8160
8173
8195
8265
8271
8327
8338
8356
8362
8365
8369
8432
8440
8466
8507
8532
8535
8588
8597
8626
8640
8640
8640
8662
8679
8740
8750
8754
8758
8791
8791
8826
8828
8828
8850
8896
8896
8898
8901
8926
8948
8980
9000
9008
9043
9043
9054
9057
9059
9070
9117
9179
9194
9217
9249
9257
9262
9268
9283
9290
9313
9314
9315
9323
9398
9425
9474
9483
9538
9581
9602
9614
9635
9682
9710
9734
9766
9770
9771
9815
9828
9837
9920
9936
9949
9952
10013
10018
10028
10032
10039
10077
10102
10104
10104
10115
10172
10172
10184
10186
10190
10221
10290
10304
10308
10385
10422
10430
10468
10476
10516
10541
10572
10605
10609
10641
10651
10739
10796
10816
10904
10905
10921
10968
10997
11002
11015
11028
11044
11048
11060
11078
11086
11090
11091
11109
11145
11190
11251
11328
11329
11329
11343
11357
11361
11371
11400
11400
11418
11449
11449
11451
11452
11458
11496
11527
11546
11548
11549
11591
11592
11600
11605
11622
11629
11651
11750
11793
11804
11811
11824
11852
11854
11855
11882
11885
11914
11916
11950
11960
11981
11985
11992
11994
12015
12020
12046
12047
12062
12081
12109
12162
12163
12167
12172
12214
12246
12282
12301
12320
12325
12341
12358
12359
12405
12422
12422
12433
12437
12446
12449
12470
12478
12525
12533
12537
12538
12547
12597
12613
12621
12637
12637
12656
12670
12697
12702
12744
12765
12794
12811
12816
12829
12884
12919
12933
12951
12953
12954
12965
12970
12971
12975
13002
13052
13155
13160
13161
13165
13168
13171
13191
13194
13195
13196
13199
13201
13220
13222
13224
13230
13246
13308
13310
13343
13374
13440
13458
13483
13534
13551
13616
13619
13626
13629
13651
13652
13669
13717
13740
13772
13784
13793
13819
13819
13820
13822
13824
13853
13866
13887
13925
13926
13951
14025
14033
14040
14059
14112
14122
14123
14125
14131
14136
14141
14152
14156
14172
14174
14193
14206
14208
14215
14223
14252
14256
14321
14334
14340
14345
14357
14372
14386
14481
14523
14525
14535
14537
14550
14617
14628
14634
14637
14649
14667
14736
14745
14752
14753
14755
14780
14790
14796
14839
14854
14874
14896
14903
14945
14954
14994
15012
15020
15029
15034
15050
15089
15110
15114
15122
15122
15149
15154
15193
15207
15207
15211
15211
15244
15264
15267
15293
15339
15358
15359
15361
15381
15382
15404
15428
15484
15519
15583
15615
15650
15654
15673
15694
15742
15752
15756
15774
15799
15819
15822
15822
15830
15873
15898
15913
15934
15985
15992
15992
16026
16038
16055
16077
16116
16137
16147
16152
16185
16198
16199
16227
16236
16287
16303
16307
16346
16360
16371
16391
16415
16437
16475
16493
16527
16582
16602
16611
16620
16624
16719
16730
16750
16757
16801
16842
16851
16856
16867
16878
16923
16926
16939
16952
16953
16974
16980
17007
17021
17078
17092
17095
17099
17105
17112
17116
17121
17125
17145
17166
17180
17199
17236
17266
17285
17287
17307
17318
17355
17359
17366
17375
17375
17410
17414
17416
17429
17433
17437
17447
17455
17459
17465
17477
17489
17491
17502
17554
17573
17575
17617
17677
17701
17702
17713
17744
17763
17772
17778
17784
17786
17809
17822
17838
17839
17866
17894
17904
17906
17973
17979
18012
18047
18051
18090
18114
18116
18129
18211
18225
18255
18276
18284
18301
18301
18318
18323
18328
18371
18386
18393
18408
18461
18524
18546
18593
18606
18612
18622
18632
18669
18685
18722
18728
18761
18761
18766
18774
18788
18797
18806
18807
18831
18855
18868
18939
18945
18950
18954
18956
19017
19018
19045
19054
19140
19146
19168
19191
19230
19235
19255
19266
19277
19293
19307
19312
19349
19352
19385
19391
19413
19420
19456
19504
19505
19534
19565
19578
19582
19584
19588
19596
19660
19708
19743
19786
19790
19794
19806
19827
19833
19844
19865
19868
19897
19910
19936
19945
19947
19958
19962
20032
20037
20044
20049
20062
20074
20091
20138
20143
20154
20154
20185
20193
20244
20249
20275
20283
20296
20302
20333
20398
20411
20456
20485
20508
20556
20579
20625
20627
20642
20642
20644
20678
20738
20744
20760
20763
20800
20809
20824
20890
20952
20959
20998
21071
21098
21112
21120
21122
21156
21170
21199
21250
21254
21269
21277
21289
21292
21315
21352
21386
21390
21399
21439
21507
21530
21534
21535
21554
21555
21575
21610
21642
21656
21702
21719
21744
21744
21820
21877
21922
21922
21948
21978
21979
22027
22066
22090
22158
22178
22190
22240
22242
22257
22282
22328
22335
22344
22381
22385
22388
22393
22403
22427
22452
22487
22509
22546
22562
22605
22619
22624
22636
22644
22666
22747
22784
22838
22842
22899
22910
22927
22964
22978
23005
23038
23041
23059
23096
23113
23138
23148
23150
23169
23179
23191
23212
23226
23230
23258
23272
23309
23318
23359
23378
23389
23397
23401
23560
23561
23589
23616
23641
23658
23662
23663
23684
23687
23689
23722
23736
23777
23802
23834
23839
23865
23901
23907
23913
23929
23966
23976
23987
23990
24028
24071
24109
24146
24166
24168
24223
24227
24229
24234
24265
24268
24307
24334
24334
24364
24419
24455
24464
24486
24499
24559
24568
24591
24607
24618
24620
24629
24663
24674
24701
24701
24732
24738
24761
24764
24768
24772
24827
24880
24881
24900
24926
24934
24984
24998
25026
25032
25037
25037
25053
25063
25112
25155
25182
25191
25193
25218
25247
25269
25269
25273
25308
25316
25392
25417
25420
25425
25434
25435
25447
25482
25544
25544
25558
25636
25668
25677
25704
25719
25734
25759
25793
25796
25798
25899
25920
25939
25951
25987
26014
26015
26015
26068
26074
26079
26125
26159
26209
26226
26229
26233
26244
26257
26277
26326
26364
26371
26374
26385
26393
26395
26423
26432
26443
26447
26451
26454
26518
26522
26528
26531
26531
26536
26537
26554
26582
26610
26630
26631
26636
26675
26698
26726
26769
26778
26795
26798
26800
26836
26843
26853
26855
26864
26874
26932
26947
26972
26993
27040
27054
27090
27160
27178
27231
27235
27241
27254
27259
27272
27278
27280
27282
27309
27315
27322
27330
27354
27363
27394
27399
27413
27419
27425
27432
27446
27449
27466
27470
27521
27551
27580
27626
27628
27656
27675
27680
27696
27722
27731
27732
27738
27739
27745
27765
27769
27789
27802
27804
27820
27821
27840
27865
27866
27895
27897
27900
27915
27941
27947
27947
27948
27950
27955
27986
27995
27998
28001
28016
28017
28058
28077
28122
28123
28153
28165
28166
28175
28189
28213
28226
28247
28271
28295
28350
28364
28374
28412
28427
28427
28440
28459
28531
28556
28567
28568
28594
28597
28617
28659
28692
28713
28715
28717
28741
28794
28858
28871
28886
28893
29018
29025
29056
29068
29117
29120
29195
29211
29215
29216
29278
29307
29309
29313
29334
29349
29369
29379
29390
29430
29436
29437
29480
29515
29523
29540
29548
29573
29574
29578
29588
29603
29624
29676
29678
29696
29754
29763
29795
29802
29812
29871
29968
29980
30022
30029
30039
30043
30045
30045
30091
30164
30169
30174
30204
30212
30235
30239
30260
30309
30328
30339
30348
30361
30378
30415
30429
30432
30454
30458
30469
30473
30490
30527
30536
30564
30578
30588
30617
30618
30625
30644
30651
30678
30687
30694
30696
30702
30713
30763
30781
30815
30843
30894
30904
30905
30948
30967
30969
30987
30988
31022
31037
31085
31122
31123
31147
31162
31174
31177
31178
31179
31184
31204
31263
31269
31278
31301
31307
31307
31316
31393
31414
31429
31443
31459
31514
31521
31556
31589
31597
31604
31667
31728
31753
31770
31804
31815
31855
31883
31890
31900
31904
31916
31921
31947
32001
32026
32032
32087
32091
32114
32118
32138
32138
32146
32190
32203
32206
32233
32255
32291
32345
32350
32353
32373
32378
32396
32399
32477
32479
32496
32512
32514
32518
32555
32558
32591
32599
32603
32637
32639
32686
32692
32698
32699
32724
32726
32738
32741
32745
32806
32810
32813
32921
32924
32952
32953
33037
33047
33061
33086
33107
33122
33124
33168
33191
33199
33278
33278
33289
33321
33351
33420
33426
33462
33488
33499
33529
33545
33656
33674
33674
33683
33721
33722
33780
33782
33795
33803
33840
33872
33880
33930
33961
33996
34005
34006
34030
34036
34053
34060
34067
34081
34101
34104
34145
34146
34164
34165
34170
34186
34191
34198
34235
34266
34274
34300
34312
34312
34314
34367
34374
34414
34495
34497
34504
34539
34574
34575
34581
34606
34648
34664
34709
34725
34739
34741
34752
34756
34758
34780
34806
34821
34869
34883
34898
34921
34957
34961
34967
35005
35068
35145
35158
35161
35193
35216
35226
35227
35239
35247
35253
35257
35319
35344
35351
35380
35385
35411
35445
35474
35476
35479
35539
35586
35620
35655
35700
35702
35702
35709
35716
35725
35743
35787
35845
35862
35865
35882
35921
35932
35934
35941
35942
35971
36003
36011
36031
36037
36038
36058
36084
36095
36113
36123
36186
36189
36202
36232
36235
36309
36318
36333
36368
36379
36395
36408
36448
36450
36462
36482
36489
36514
36517
36539
36546
36604
36629
36633
36666
36698
36712
36716
36737
36738
36764
36792
36795
36815
36823
36825
36850
36864
36870
36950
36952
36957
36962
36963
37018
37028
37032
37051
37052
37054
37064
37089
37089
37111
37128
37185
37198
37212
37215
37223
37231
37235
37256
37276
37281
37305
37338
37344
37362
37381
37409
37435
37486
37503
37518
37572
37612
37614
37667
37710
37714
37751
37765
37773
37791
37803
37811
37813
37824
37831
37835
37842
37862
37870
37898
37921
37951
37991
37994
38012
38021
38049
38050
38055
38071
38077
38098
38145
38171
38184
38200
38287
38295
38300
38301
38303
38350
38365
38406
38416
38450
38463
38468
38475
38498
38514
38531
38533
38536
38551
38570
38574
38586
38598
38614
38629
38643
38644
38649
38671
38687
38718
38742
38764
38781
38785
38836
38884
38885
38903
38925
38959
38966
38986
38988
39000
39002
39011
39015
39063
39079
39103
39106
39110
39111
39114
39115
39128
39160
39182
39197
39204
39206
39212
39249
39327
39371
39400
39402
39409
39455
39457
39458
39482
39487
39546
39567
39625
39627
39627
39642
39645
39670
39682
39696
39723
39731
39738
39749
39762
39764
39795
39843
39851
39873
39894
39896
39931
39969
39982
39989
40007
40072
40083
40109
40152
40164
40167
40179
40194
40200
40226
40239
40244
40244
40257
40266
40274
40297
40325
40361
40368
40446
40464
40482
40499
40515
40540
40574
40599
40609
40628
40670
40676
40759
40767
40783
40786
40814
40826
40850
40888
40898
40909
40915
40944
40992
41028
41031
41057
41061
41104
41118
41127
41136
41145
41145
41182
41183
41197
41201
41208
41220
41241
41256
41308
41321
41396
41397
41398
41435
41435
41440
41488
41516
41528
41542
41549
41554
41562
41676
41681
41696
41696
41703
41720
41731
41773
41806
41811
41838
41840
41848
41858
41872
41881
41908
41921
41926
41959
41972
41978
42042
42202
42216
42238
42292
42328
42391
42402
42406
42421
42464
42475
42492
42523
42534
42538
42543
42612
42618
42623
42691
42762
42777
42778
42795
42799
42807
42823
42849
42878
42893
42912
42918
42938
42960
42983
42994
43002
43060
43107
43139
43141
43145
43197
43206
43291
43319
43325
43340
43341
43408
43410
43433
43435
43453
43467
43475
43507
43548
43549
43561
43563
43571
43578
43587
43593
43600
43603
43617
43623
43648
43665
43666
43676
43696
43696
43716
43719
43728
43731
43734
43755
43755
43787
43819
43874
43886
43893
44010
44028
44094
44135
44143
44166
44175
44183
44189
44190
44190
44213
44216
44224
44230
44242
44248
44264
44310
44320
44332
44343
44348
44376
44426
44438
44448
44448
44494
44503
44518
44523
44550
44554
44572
44609
44613
44688
44691
44735
44742
44784
44789
44800
44802
44808
44838
44890
44912
44949
45027
45078
45086
45097
45133
45147
45168
45178
45222
45222
45230
45258
45260
45278
45279
45285
45309
45313
45324
45353
45353
45358
45387
45394
45395
45400
45416
45440
45495
45502
45510
45536
45545
45570
45590
45590
45596
45634
45643
45670
45748
45773
45824
45838
45849
45880
45894
45898
45954
45984
45984
46106
46111
46149
46201
46220
46229
46241
46278
46285
46292
46335
46343
46378
46382
46410
46474
46518
46560
46591
46609
46624
46642
46677
46715
46717
46734
46741
46760
46801
46810
46812
46829
46849
46861
46879
46907
46928
46948
46950
46966
46978
46980
46991
47032
47032
47079
47091
47134
47147
47195
47207
47220
47227
47251
47301
47354
47374
47393
47403
47450
47482
47495
47532
47632
47638
47645
47687
47713
47714
47716
47718
47731
47779
47782
47785
47828
47847
47857
47879
47880
47892
47904
47922
47926
47946
47976
47986
48028
48035
48073
48120
48125
48151
48166
48167
48178
48200
48205
48208
48216
48218
48260
48282
48314
48366
48376
48396
48403
48412
48414
48420
48435
48474
48498
48517
48532
48558
48587
48594
48602
48607
48627
48698
48794
48801
48816
48844
48874
48875
48897
48914
48925
48952
48976
49023
49025
49063
49157
49180
49235
49250
49253
49255
49273
49274
49301
49301
49332
49380
49397
49408
49410
49422
49434
49549
49550
49557
49581
49609
49620
49647
49660
49695
49711
49728
49746
49751
49756
49761
49786
49813
49814
49817
49857
49899
49903
49916
49933
49945
49951
49957
50020
50029
50036
50073
50075
50140
50162
50184
50186
50207
50209
50211
50217
50220
50223
50225
50231
50247
50252
50255
50300
50313
50320
50321
50336
50394
50425
50439
50450
50493
50512
50521
50569
50570
50578
50579
50586
50608
50610
50626
50637
50640
50650
50674
50677
50684
50700
50715
50740
50748
50751
50755
50827
50865
50878
50888
50902
50923
50938
50941
50946
51018
51036
51081
51091
51109
51113
51116
51120
51202
51257
51284
51299
51341
51343
51359
51419
51440
51441
51444
51455
51507
51510
51530
51531
51536
51578
51578
51616
51656
51673
51708
51715
51716
51719
51761
51790
51791
51824
51830
51863
51899
51932
51972
52069
52069
52075
52083
52121
52122
52208
52264
52274
52284
52289
52308
52323
52326
52330
52353
52357
52375
52445
52496
52496
52501
52515
52527
52535
52542
52548
52574
52599
52604
52629
52629
52643
52693
52710
52782
52789
52812
52823
52846
52857
52878
52883
52989
52992
52996
53051
53072
53072
53078
53079
53107
53132
53177
53177
53182
53182
53207
53216
53222
53226
53254
53274
53290
53296
53300
53317
53333
53336
53337
53338
53349
53388
53431
53452
53480
53505
53583
53583
53591
53639
53640
53645
53646
53681
53717
53786
53796
53817
53826
53836
53840
53848
53879
53917
53926
53933
53944
53989
54009
54013
54032
54093
54162
54205
54209
54228
54306
54368
54395
54404
54412
54417
54421
54422
54427
54443
54452
54467
54491
54494
54525
54529
54566
54574
54589
54601
54606
54624
54653
54670
54675
54677
54749
54775
54797
54801
54829
54845
54866
54867
54894
54897
54897
54898
54928
54937
54941
54958
55032
55039
55045
55068
55074
55152
55161
55216
55292
55293
55303
55361
55380
55381
55394
55402
55407
55435
55469
55537
55550
55557
55585
55602
55684
55685
55713
55716
55744
55758
55812
55814
55826
55833
55843
55862
55911
55951
55951
55964
56064
56066
56117
56123
56139
56163
56170
56221
56228
56263
56293
56306
56314
56317
56332
56347
56357
56361
56414
56442
56452
56467
56469
56484
56494
56501
56550
56561
56564
56591
56644
56672
56687
56689
56693
56765
56773
56785
56785
56803
56804
56806
56811
56820
56829
56858
56921
56932
56933
56946
56992
56996
57012
57013
57052
57068
57070
57072
57078
57087
57104
57115
57129
57134
57136
57141
57174
57180
57186
57219
57235
57266
57289
57322
57365
57371
57379
57406
57427
57429
57437
57438
57446
57480
57487
57493
57509
57514
57539
57570
57598
57602
57626
57636
57637
57646
57646
57663
57735
57766
57772
57848
57851
57901
57959
57960
57978
57985
57991
58002
58014
58044
58055
58058
58058
58067
58081
58084
58097
58107
58128
58135
58155
58168
58168
58253
58272
58344
58366
58382
58388
58413
58417
58421
58437
58438
58438
58445
58453
58462
58478
58515
58535
58590
58594
58595
58635
58640
58649
58666
58675
58768
58781
58818
58819
58826
58880
58894
58914
58944
58963
58997
59013
59055
59125
59153
59171
59177
59188
59200
59202
59202
59222
59230
59263
59278
59338
59376
59397
59401
59483
59484
59520
59566
59585
59614
59627
59632
59636
59641
59641
59685
59760
59796
59848
59853
59926
59935
59949
60004
60010
60018
60020
60079
60101
60103
60133
60141
60142
60164
60177
60193
60215
60218
60259
60283
60295
60301
60306
60313
60315
60325
60336
60337
60373
60386
60394
60397
60401
60442
60452
60480
60487
60510
60517
60537
60580
60596
60597
60632
60652
60659
60667
60677
60691
60734
60740
60747
60757
60801
60820
60828
60860
60881
60949
60967
60974
60974
60979
61011
61018
61036
61049
61129
61169
61175
61203
61260
61266
61272
61275
61297
61318
61326
61352
61356
61365
61374
61412
61455
61521
61524
61528
61545
61569
61573
61609
61619
61638
61705
61708
61753
61755
61796
61835
61851
61877
61880
61880
61895
61908
61946
61967
61971
61978
61997
62046
62078
62094
62094
62167
62173
62197
62199
62223
62233
62252
62261
62282
62286
62309
62366
62413
62517
62545
62548
62565
62573
62585
62711
62714
62721
62734
62734
62744
62747
62756
62795
62812
62837
62928
62953
62972
62972
62977
62978
62987
63045
63055
63055
63078
63096
63133
63152
63169
63180
63228
63230
63240
63251
63266
63272
63290
63307
63345
63347
63359
63374
63377
63385
63402
63414
63427
63507
63527
63527
63591
63608
63629
63632
63635
63637
63638
63653
63690
63714
63734
63747
63763
63780
63828
63836
63836
63838
63847
63852
63854
63874
63887
63896
63898
63904
63921
63922
63929
63930
63934
63937
63942
63960
63976
63985
63990
64000
64021
64041
64049
64073
64074
64092
64106
64145
64147
64152
64156
64168
64176
64181
64211
64290
64294
64310
64332
64339
64364
64404
64433
64443
64461
64477
64478
64485
64534
64568
64575
64594
64631
64633
64686
64707
64720
64733
64743
64747
64809
64814
64827
64851
64854
64869
64887
64896
64989
65031
65038
65046
65064
65067
65080
65097
65121
65161
65171
65179
65196
65230
65241
65280
65336
65346
65357
65371
65376
65378
65394
65399
65400
65404
65410
65411
65413
65423
65425
65438
65453
65482
65484
65490
65505
65506
65522
65545
65547
65548
65554
65597
65639
65702
65720
65743
65754
65760
65768
65776
65796
65799
65821
65837
65885
65902
65930
65949
65955
66017
66019
66019
66024
66041
66041
66148
66169
66187
66286
66302
66304
66305
66332
66350
66360
66377
66396
66431
66449
66452
66488
66500
66501
66506
66539
66542
66546
66548
66564
66582
66598
66604
66618
66638
66704
66713
66722
66756
66799
66801
66806
66822
66858
66884
66899
66926
66931
66935
66948
66988
67000
67015
67031
67035
67044
67053
67095
67095
67148
67188
67208
67208
67211
67280
67285
67295
67298
67328
67334
67347
67354
67359
67447
67451
67488
67498
67514
67521
67539
67551
67556
67561
67643
67690
67705
67709
67719
67762
67770
67792
67796
67796
67830
67838
67922
67930
67992
67995
68000
68010
68082
68131
68136
68149
68150
68190
68258
68262
68274
68277
68326
68354
68364
68367
68381
68411
68415
68420
68465
68566
68568
68613
68641
68771
68787
68801
68804
68821
68872
68875
68886
68936
68955
68958
68998
69028
69029
69052
69075
69103
69122
69154
69168
69213
69220
69249
69261
69305
69342
69344
69390
69396
69397
69440
69488
69493
69542
69543
69544
69556
69558
69641
69718
69721
69734
69740
69782
69868
69869
69904
69909
69923
69931
69935
69948
69949
69953
69962
70024
70042
70043
70070
70080
70123
70144
70153
70164
70176
70190
70195
70208
70262
70264
70271
70300
70334
70350
70367
70372
70441
70446
70449
70500
70504
70586
70595
70596
70602
70609
70630
70635
70638
70640
70696
70724
70735
70740
70740
70763
70781
70806
70807
70811
70843
70846
70883
70915
71031
71048
71074
71088
71105
71121
71133
71147
71178
71193
71236
71327
71335
71374
71386
71398
71403
71409
71423
71424
71533
71543
71548
71573
71591
71597
71605
71608
71637
71658
71665
71679
71682
71726
71767
71781
71782
71785
71809
71809
71809
71823
71827
71840
71858
71869
71879
71918
71923
71924
71932
71945
71961
71969
71975
71984
72006
72033
72066
72079
72082
72108
72116
72138
72151
72160
72169
72175
72191
72218
72272
72273
72283
72284
72286
72304
72311
72352
72364
72439
72455
72516
72524
72528
72536
72547
72567
72568
72576
72589
72596
72619
72644
72652
72669
72697
72753
72814
72839
72840
72840
72886
72895
72899
72908
72935
72936
72944
72957
72961
72963
72992
73013
73065
73072
73088
73118
73147
73160
73176
73216
73236
73250
73254
73293
73306
73320
73338
73414
73454
73464
73474
73499
73504
73556
73556
73611
73637
73693
73710
73714
73723
73736
73751
73781
73802
73816
73828
73838
73924
73960
73964
73974
74007
74012
74037
74044
74062
74087
74119
74119
74136
74138
74151
74151
74181
74186
74233
74242
74260
74277
74286
74290
74293
74300
74301
74315
74327
74347
74382
74409
74427
74429
74459
74482
74497
74509
74519
74530
74556
74636
74640
74655
74670
74721
74754
74781
74784
74828
74856
74861
74887
74917
74926
74928
74974
74978
74981
75013
75027
75037
75050
75061
75077
75097
75105
75120
75131
75149
75159
75178
75187
75251
75256
75292
75293
75298
75323
75352
75368
75391
75481
75494
75500
75543
75566
75609
75641
75654
75664
75670
75680
75708
75716
75748
75749
75781
75805
75833
75858
75858
75874
75933
75943
75961
75962
75975
75984
75995
76001
76055
76063
76088
76100
76101
76104
76159
76161
76165
76174
76208
76221
76236
76239
76266
76299
76302
76315
76320
76352
76360
76362
76371
76374
76418
76420
76446
76454
76465
76477
76499
76505
76513
76520
76550
76555
76560
76561
76563
76576
76593
76630
76635
76652
76653
76654
76666
76688
76704
76706
76717
76721
76750
76806
76825
76858
76880
76881
76896
76900
76905
76953
76979
77005
77044
77044
77045
77176
77211
77212
77229
77270
77311
77372
77417
77447
77461
77466
77499
77503
77526
77539
77544
77557
77568
77574
77602
77605
77627
77636
77654
77660
77663
77671
77688
77696
77697
77698
77732
77797
77821
77828
77841
77854
77862
77877
77934
77951
77987
77997
78014
78031
78058
78100
78105
78116
78118
78138
78166
78168
78175
78256
78279
78281
78297
78300
78301
78304
78305
78334
78340
78375
78376
78392
78399
78425
78429
78431
78471
78472
78487
78493
78516
78533
78569
78581
78582
78607
78613
78621
78626
78644
78648
78664
78717
78720
78722
78725
78731
78751
78759
78783
78787
78787
78789
78805
78818
78858
78859
78859
78868
78896
78952
78959
78962
78963
79040
79056
79111
79145
79154
79178
79192
79228
79279
79330
79333
79336
79360
79398
79474
79475
79506
79508
79533
79540
79547
79569
79580
79581
79613
79675
79677
79716
79723
79731
79744
79746
79747
79776
79796
79798
79860
79886
79901
79918
79923
79933
79935
79955
79961
80027
80032
80048
80050
80060
80097
80110
80112
80118
80149
80150
80172
80180
80209
80219
80223
80252
80298
80306
80337
80351
80380
80436
80461
80468
80477
80480
80496
80527
80559
80590
80601
80623
80690
80694
80699
80718
80720
80733
80739
80777
80791
80793
80798
80818
80825
80837
80872
80894
80909
80918
80966
80982
80993
81005
81039
81046
81069
81086
81092
81095
81131
81132
81140
81171
81178
81211
81221
81235
81239
81255
81269
81291
81300
81320
81327
81336
81350
81357
81390
81391
81398
81405
81544
81551
81553
81563
81588
81609
81662
81682
81682
81698
81712
81735
81742
81767
81811
81817
81868
81875
81890
81907
81919
81930
81938
81950
81983
82008
82057
82102
82102
82114
82131
82198
82232
82235
82236
82272
82278
82294
82307
82320
82351
82372
82379
82380
82398
82423
82433
82434
82437
82442
82457
82479
82480
82522
82559
82565
82597
82605
82611
82618
82623
82644
82646
82722
82724
82727
82757
82846
82859
82859
82867
82896
82905
82919
82966
83007
83064
83097
83111
83131
83133
83157
83187
83212
83216
83250
83252
83360
83362
83367
83373
83443
83445
83451
83454
83470
83484
83511
83523
83531
83534
83538
83545
83551
83569
83580
83582
83582
83636
83677
83723
83736
83737
83744
83762
83784
83796
83814
83819
83821
83825
83845
83857
83858
83877
83924
83940
83988
84007
84040
84060
84078
84080
84123
84174
84177
84201
84210
84215
84215
84222
84257
84278
84288
84296
84340
84391
84399
84417
84432
84479
84509
84531
84539
84540
84572
84597
84602
84605
84605
84612
84633
84637
84649
84669
84762
84770
84774
84811
84822
84827
84890
84904
84929
84929
84933
84941
85011
85016
85018
85028
85041
85046
85071
85078
85096
85099
85106
85134
85145
85145
85146
85148
85161
85182
85188
85218
85246
85262
85266
85299
85310
85344
85350
85361
85374
85375
85397
85405
85430
85446
85466
85474
85495
85520
85549
85569
85639
85745
85753
85757
85757
85763
85777
85826
85829
85868
85902
85917
85934
85936
86010
86070
86105
86129
86135
86156
86247
86281
86302
86308
86334
86345
86353
86384
86408
86446
86451
86460
86463
86478
86494
86504
86510
86521
86554
86557
86570
86578
86583
86662
86695
86696
86701
86716
86753
86789
86838
86871
86871
86900
86916
86923
86934
86952
86954
86989
87050
87059
87071
87103
87112
87128
87147
87185
87193
87198
87201
87203
87203
87218
87259
87266
87285
87287
87306
87317
87318
87337
87358
87391
87417
87456
87511
87511
87580
87662
87698
87699
87726
87733
87743
87755
87767
87768
87790
87826
87842
87847
87876
87910
87915
87940
87993
88040
88056
88102
88170
88179
88180
88182
88189
88196
88199
88204
88210
88221
88263
88290
88330
88355
88356
88363
88389
88393
88476
88484
88512
88513
88517
88544
88572
88590
88603
88667
88674
88684
88705
88751
88765
88801
88847
88878
88895
88924
88963
88977
89010
89083
89089
89109
89110
89147
89159
89165
89174
89181
89182
89186
89203
89223
89229
89267
89269
89298
89315
89326
89371
89371
89387
89407
89429
89429
89445
89459
89482
89490
89493
89498
89543
89547
89548
89589
89600
89643
89674
89675
89680
89785
89872
89878
89881
89893
89929
89969
89973
90001
90002
90007
90021
90047
90081
90133
90174
90177
90178
90179
90181
90182
90245
90255
90281
90315
90410
90411
90411
90426
90450
90461
90507
90507
90550
90614
90617
90638
90655
90658
90680
90714
90741
90742
90765
90775
90788
90814
90853
90882
90901
90934
90940
90960
90985
90994
91028
91051
91072
91126
91127
91156
91217
91217
91248
91251
91287
91289
91292
91327
91331
91352
91357
91375
91423
91424
91509
91539
91542
91543
91567
91571
91572
91582
91585
91585
91605
91636
91663
91674
91694
91707
91721
91753
91765
91767
91808
91840
91842
91903
91921
91968
91974
91987
92007
92009
92116
92141
92154
92165
92169
92186
92226
92230
92244
92252
92253
92268
92314
92356
92358
92392
92431
92457
92461
92561
92561
92585
92613
92641
92679
92688
92698
92708
92720
92723
92726
92788
92794
92796
92817
92842
92845
92852
92865
92896
92898
92903
92959
92967
92974
93035
93062
93104
93114
93134
93135
93165
93186
93204
93214
93226
93241
93279
93293
93312
93347
93366
93387
93398
93409
93429
93466
93490
93498
93519
93549
93561
93585
93594
93594
93596
93640
93666
93684
93694
93724
93731
93740
93742
93757
93763
93771
93781
93787
93796
93797
93807
93825
93838
93880
93886
93888
93909
93911
93916
93916
93933
93936
93944
93966
93973
93977
93983
93984
94003
94009
94043
94099
94108
94110
94181
94200
94206
94206
94228
94230
94332
94353
94370
94385
94408
94411
94414
94449
94464
94515
94519
94527
94550
94584
94626
94643
94677
94690
94740
94795
94859
94878
94883
94899
94909
94970
94980
95050
95073
95074
95132
95149
95152
95161
95163
95166
95174
95213
95218
95228
95258
95268
95313
95316
95326
95342
95370
95379
95399
95417
95438
95458
95491
95498
95499
95527
95528
95546
95573
95574
95604
95608
95646
95661
95703
95707
95722
95785
95803
95805
95819
95831
95832
95833
95858
95879
95900
95927
95929
95958
96000
96012
96023
96031
96048
96088
96181
96184
96219
96243
96271
96272
96296
96306
96332
96378
96385
96392
96415
96430
96455
96455
96497
96501
96517
96529
96536
96561
96581
96594
96613
96636
96651
96670
96680
96725
96742
96752
96898
96908
96924
96959
96990
97045
97052
97110
97123
97138
97140
97145
97183
97260
97307
97325
97382
97423
97428
97428
97436
97438
97452
97465
97482
97507
97516
97520
97529
97538
97541
97541
97558
97564
97583
97618
97618
97624
97655
97663
97740
97741
97772
97776
97779
97794
97800
97804
97829
97844
97883
97885
97891
97953
97955
97965
97992
97998
98020
98030
98040
98043
98055
98069
98069
98102
98107
98121
98121
98147
98151
98155
98196
98201
98239
98256
98261
98279
98290
98307
98313
98315
98319
98325
98337
98357
98364
98381
98427
98463
98504
98511
98548
98586
98586
98591
98600
98603
98624
98629
98673
98687
98691
98711
98742
98844
98864
98882
98955
98965
98991
99006
99049
99053
99077
99078
99111
99115
99135
99139
99142
99156
99169
99172
99180
99197
99222
99225
99261
99271
99271
99279
99380
99393
99417
99425
99473
99475
99513
99533
99590
99599
99613
99647
99649
99666
99703
99734
99739
99744
99751
99754
99826
99884
99892
99903
99912
99926
99939
99951
99975
99980
99988
